6
Scer       0.0000000 1.2055568 0.4965907 1.3030593 0.2601167 0.4215540 
Scas       1.2055568 0.0000000 1.2373662 1.3124817 1.2087789 1.2106206 
Skud       0.4965907 1.2373662 0.0000000 1.3270482 0.4536009 0.4809781 
Cgla       1.3030593 1.3124817 1.3270482 0.0000000 1.3076970 1.3089128 
Spar       0.2601167 1.2087789 0.4536009 1.3076970 0.0000000 0.3738051 
Smik       0.4215540 1.2106206 0.4809781 1.3089128 0.3738051 0.0000000 
